-129.70 48.53 225 84 0 135 90 174 1.300 25 010292B        
-74.14 5.96 175 49 -159 71 74 -43 5.390 24 010292C        
124.20 -48.94 120 45 -42 243 62 -127 2.980 24 010392B        
-94.42 67.11 190 75 176 281 86 15 10.180 23 010492A        
69.94 31.66 180 18 71 20 73 96 1.560 24 010492B        
123.08 1.37 39 29 138 168 71 67 9.890 23 010692B        
146.61 -6.40 336 61 -1 67 89 -151 5.480 23 010692E        
151.27 45.94 238 45 108 34 48 73 4.810 23 010792C        
-109.42 -9.33 82 86 1 352 89 176 4.570 24 010992D        
121.03 13.38 318 41 113 108 53 71 5.430 23 011092A        
127.96 3.24 18 53 13 281 80 143 2.520 24 011092D        
86.67 9.45 296 48 136 59 59 51 3.510 24 011192A        
97.88 39.71 169 90 -180 259 90 0 6.340 23 011292B        
-129.72 49.24 210 68 -16 306 75 -157 1.280 24 011392A        
-178.53 -20.73 132 30 -149 14 75 -64 9.450 24 011392B        
127.50 1.44 299 29 13 198 84 118 1.300 25 011392D        
-76.92 -2.08 161 29 -55 303 67 -108 2.430 24 011592A        
120.81 14.13 113 36 109 269 57 77 6.980 23 011592B        
-70.66 18.20 255 18 45 122 78 103 4.190 24 011592C        
142.18 41.32 216 26 90 37 64 90 1.550 24 011692D        
160.36 52.67 223 33 96 35 57 86 1.220 24 011792A        
65.93 27.37 99 72 170 192 80 18 2.030 24 012092A        
139.38 28.02 47 40 -157 299 75 -52 11.030 25 012092C        
67.49 26.90 15 44 75 216 48 104 1.490 24 012192E        
140.48 38.37 356 10 87 180 80 91 3.970 24 012292A        
166.84 -13.80 192 42 134 320 61 58 1.460 24 012292D        
19.97 38.22 351 42 97 162 48 84 3.010 24 012392A        
74.45 35.13 268 86 0 358 90 -176 1.690 24 012492A        
148.70 -9.36 62 22 -145 299 77 -71 12.770 23 012492B        
129.37 29.91 151 17 48 14 77 102 1.380 24 012692B        
166.34 -12.99 31 30 141 156 72 66 8.790 23 012792A        
-68.07 -21.17 2 46 -108 207 47 -72 4.850 24 012792B        
-13.17 -1.47 350 45 -90 170 45 -90 1.040 24 013092A        
62.88 24.25 298 10 126 82 82 84 6.710 24 013092C        
147.81 -58.06 164 83 -1 254 89 -173 8.020 24 013092F        
139.70 35.20 33 7 114 189 84 87 5.490 24 020192B        
139.42 -52.08 182 81 3 91 87 171 1.290 25 020292A        
139.50 -51.93 359 87 -1 89 89 -177 3.110 25 020292B        
151.12 45.59 227 27 114 21 66 79 5.610 24 020292D        
131.84 -6.11 301 45 138 63 62 54 7.990 23 020392B        
109.75 -7.35 186 46 138 308 61 52 4.540 23 020492A        
-177.94 -19.40 346 27 23 235 80 116 4.130 24 020492B        
151.37 45.39 184 26 -143 60 75 -69 12.240 23 020592A        
-170.09 52.19 249 18 87 73 72 91 8.930 24 020592B        
-92.71 14.43 105 28 -132 330 69 -70 1.960 24 020592D        
66.92 31.42 299 87 -177 209 87 -3 1.980 24 020592E        
103.21 -6.31 298 22 91 117 68 90 3.980 25 020692A        
103.42 -6.36 256 20 63 105 73 99 3.410 24 020692E        
159.91 52.84 209 34 82 38 57 95 5.850 23 020792C        
161.45 55.40 313 35 5 218 87 125 8.880 23 020792D        
-176.74 -26.08 105 36 168 204 83 54 10.310 23 020792E        
-78.54 7.14 176 90 -180 266 90 0 4.110 23 020892A        
150.93 45.22 236 24 123 21 70 77 2.290 23 020892B        
-177.79 51.80 265 55 151 12 67 38 4.230 23 020992B        
139.63 31.04 190 34 -67 342 60 -105 7.560 23 021092A        
142.54 29.23 161 14 94 337 76 89 6.880 23 021092B        
121.97 21.30 168 78 3 77 87 168 10.320 23 021092C        
125.24 -9.64 237 24 76 71 67 96 4.360 24 021192A        
-174.23 51.30 47 47 66 259 48 113 3.130 23 021192C        
178.04 51.48 248 38 90 68 52 90 6.040 23 021292A        
-101.14 17.78 134 38 96 306 52 85 7.030 23 021292B        
-172.57 -16.10 261 45 29 149 70 131 1.750 24 021292D        
166.36 -16.14 143 37 85 329 53 93 1.770 26 021392A        
-165.58 53.40 198 17 51 58 77 101 11.420 24 021392B        
108.87 53.88 249 33 -65 40 60 -105 1.280 24 021492A        
146.61 -4.32 337 70 175 69 85 20 3.230 24 021492C        
166.40 -15.87 150 44 55 13 55 119 4.820 23 021492D        
146.94 -7.70 314 52 -45 75 56 -132 8.020 23 021492E        
124.10 79.25 137 43 -120 355 54 -65 10.200 24 021792A        
157.84 -56.06 22 66 -164 286 75 -25 1.950 25 021792C        
170.25 -21.89 358 66 -170 264 81 -25 2.170 25 021792D        
154.94 -9.97 84 28 -86 259 62 -92 11.440 23 021992A        
142.64 27.82 190 17 105 355 73 85 1.900 24 021992B        
-177.20 -15.00 54 55 -17 154 76 -144 9.690 24 022092E        
145.26 12.91 259 60 163 357 76 31 4.170 24 022092F        
-179.16 -33.58 13 17 -94 198 74 -89 1.880 24 022092G        
148.01 -6.51 277 29 83 105 62 94 11.100 24 022192A        
128.44 2.14 341 35 148 98 72 60 1.750 24 022192B        
126.88 2.43 1 39 52 227 60 117 12.030 23 022192C        
-92.49 13.57 294 18 82 122 72 92 5.190 24 022192D        
170.35 17.84 285 34 38 162 70 118 6.980 23 022292A        
142.02 31.22 198 30 108 357 61 80 4.790 23 022492A        
57.56 11.84 117 76 170 210 81 14 9.320 24 022692A        
147.73 -6.43 289 32 101 95 58 83 11.250 25 022792D        
-69.56 -24.21 99 47 173 194 85 43 6.140 24 022892B        
141.11 12.32 73 20 -88 251 70 -91 2.620 24 022992A        
176.29 -40.65 76 17 -52 216 77 -100 2.330 24 030292C        
160.36 52.85 213 28 84 40 62 93 2.320 26 030292E        
167.11 -14.27 195 44 118 338 52 66 6.430 24 030392A        
149.26 44.21 231 26 107 33 65 82 2.840 24 030392B        
149.57 44.35 215 19 86 39 71 91 7.180 24 030392C        
105.98 -6.22 4 62 30 259 64 148 8.880 23 030392F        
-172.42 -15.60 174 26 84 1 64 93 1.850 24 030392G        
-174.00 -17.62 339 3 58 191 88 92 1.410 24 030392H        
121.30 19.85 52 32 112 207 60 77 1.550 24 030392J        
148.37 -2.84 107 81 6 16 84 171 5.180 25 030492A        
50.71 31.64 122 79 173 213 83 12 5.720 23 030492C        
130.41 -6.73 72 60 24 330 70 148 5.680 23 030592A        
42.98 11.75 324 74 3 233 87 164 2.630 25 030592C        
160.17 52.88 214 28 87 37 62 92 3.670 25 030592D        
-84.09 10.23 156 33 18 50 80 122 6.540 25 030792B        
146.85 -3.32 255 87 1 165 89 177 2.120 25 030792D        
-124.10 40.25 300 90 -180 30 90 0 1.850 24 030892A        
150.23 -5.62 318 15 -4 52 89 -104 1.760 24 030892B        
148.07 -58.91 166 74 14 73 76 164 2.410 24 030892C        
142.64 12.29 65 41 -100 257 50 -82 1.370 24 030992A        
159.63 -52.85 125 81 0 215 90 -171 1.160 24 031192A        
147.08 -3.24 265 88 1 175 89 178 1.700 25 031192E        
171.37 52.76 257 18 92 74 72 89 1.870 24 031292A        
-39.57 32.45 25 31 -81 195 60 -95 8.080 23 031292C        
-13.61 -7.80 188 47 -52 318 55 -124 11.450 23 031292E        
-178.96 52.39 200 16 -21 310 84 -105 4.820 25 031392C        
39.57 39.94 213 85 4 123 86 175 1.160 26 031392D        
123.31 23.69 120 63 -19 219 73 -151 7.040 24 031592A        
39.84 39.52 61 70 14 326 77 159 7.590 24 031592D        
-15.79 -39.37 205 33 -71 2 59 -102 7.400 23 031592E        
-177.11 -24.01 216 35 -78 22 55 -98 2.430 24 031692A        
178.84 -34.87 224 30 -79 32 61 -96 1.460 24 031692D        
167.21 -17.95 353 45 -90 173 45 -90 8.050 23 031792A        
93.30 8.87 227 71 1 137 89 161 5.080 23 031792B        
-93.11 14.33 326 28 111 123 64 79 1.750 24 031792D        
125.05 -7.20 225 45 -157 118 74 -47 5.150 23 031792E        
-74.43 -10.12 185 75 7 93 83 165 1.430 24 031792F        
154.99 -6.75 321 21 113 117 71 82 9.910 23 031892A        
142.71 -3.89 175 17 21 65 84 106 5.450 23 031892B        
155.13 -6.48 319 19 110 117 72 83 6.560 23 031892C        
155.11 -7.05 294 29 66 141 64 103 11.570 23 031892D        
121.32 17.23 338 43 -17 80 78 -131 13.290 24 031992B        
-176.73 -15.49 70 61 167 166 79 29 10.640 23 031992C        
24.16 36.85 293 45 -90 113 45 -90 6.750 23 032092A        
-90.97 13.56 60 33 -153 307 76 -60 12.640 23 032092C        
-26.18 -56.28 170 41 122 310 56 65 1.690 24 032092D        
171.72 53.03 283 20 132 59 76 77 6.760 23 032192C        
-18.11 -42.55 39 71 -165 304 76 -20 5.160 24 032292C        
117.71 -7.66 276 34 96 89 56 86 3.290 24 032492A        
-124.48 -55.48 109 84 0 199 90 -174 11.830 24 032492C        
126.96 3.22 197 6 121 346 85 87 9.820 24 032492E        
123.43 24.09 143 36 42 17 67 118 3.200 23 032592A        
177.19 -37.35 172 63 -160 73 72 -29 2.620 24 032592B        
159.48 54.74 308 31 7 212 87 121 1.980 24 032592C        
95.20 24.18 272 30 43 143 70 113 6.530 23 032592D        
124.44 -7.19 36 44 -79 200 47 -101 7.250 23 032692A        
-179.39 51.24 263 17 117 55 75 82 9.600 24 032692B        
94.52 21.12 159 12 -85 334 78 -91 2.760 24 032792A        
-174.12 52.80 211 23 8 114 87 113 1.760 24 032792D        
147.07 48.01 23 40 122 164 57 66 3.350 24 032792F        
-178.56 -32.08 186 23 86 10 67 92 9.190 23 032892B        
-176.06 -21.79 257 36 -31 13 72 -122 1.450 24 032892C        
67.36 26.75 3 33 91 182 57 89 3.000 23 032892D        
142.43 27.13 192 45 -90 12 45 -90 6.910 23 032992E        
-172.90 -16.52 202 28 121 348 66 75 1.960 24 032992F        
-116.51 -18.23 259 45 -90 79 45 -90 5.120 23 032992G        
-31.24 3.41 353 39 -56 132 59 -114 1.080 24 032992I        
-177.38 -30.56 107 38 53 331 60 115 9.080 23 033092A        
171.61 -43.01 70 19 134 205 76 77 2.030 24 033092C        
145.80 18.63 5 52 20 262 74 140 7.170 23 033092E        
-116.19 -18.27 285 45 -90 105 45 -90 8.880 24 033092H        
145.33 42.49 256 44 139 18 63 54 14.130 23 033092I        
-114.75 -50.04 101 59 -10 197 81 -149 3.250 25 033192A        
-100.65 16.99 126 44 116 272 52 67 1.550 24 033192D        
-100.51 17.10 129 50 142 246 62 47 7.330 23 040192A        
129.02 -3.11 310 61 168 46 80 30 1.700 24 040192C        
-17.61 -38.07 171 16 -85 345 74 -92 2.020 24 040292B        
-17.63 -38.04 165 17 -93 348 73 -89 3.050 24 040292C        
179.90 -24.87 197 14 -40 326 81 -101 7.580 23 040292D        
-34.02 7.43 264 90 -180 354 90 0 1.800 24 040292G        
151.51 -5.66 242 25 76 78 66 96 6.520 25 040392A        
-178.32 -17.54 76 25 -143 312 75 -69 5.630 24 040492A        
128.52 -1.93 37 59 163 136 75 32 8.660 23 040492F        
165.86 -10.59 334 40 79 169 51 99 3.550 24 040492G        
80.75 36.17 62 52 -11 159 81 -141 4.140 24 040592B        
166.14 -11.61 357 28 99 167 62 85 1.730 25 040592C        
155.85 48.27 186 39 79 20 52 99 1.750 24 040592D        
-86.66 10.98 274 20 63 123 72 100 5.470 24 040592E        
-44.85 13.26 189 45 -90 9 45 -90 2.950 23 040692B        
-130.52 50.86 331 73 -169 238 79 -17 1.190 26 040692C        
-130.79 50.58 166 76 -179 76 89 -14 10.150 24 040692F        
-130.75 51.07 174 90 -180 264 90 0 8.240 23 040792A        
131.33 -3.90 0 61 23 259 70 149 12.030 24 040792C        
168.12 -16.74 181 59 9 86 82 149 11.000 24 040792D        
168.49 -16.29 176 60 18 77 75 149 4.350 24 040892A        
168.42 -16.54 73 60 150 180 64 34 9.560 24 040892B        
-174.06 -17.33 112 6 -179 21 90 -84 8.290 24 040992C        
-27.11 46.91 345 23 -104 181 67 -84 5.080 23 040992E        
161.06 52.48 223 30 84 50 60 93 10.600 23 040992F        
167.83 -17.45 20 34 21 272 78 122 6.790 23 041092A        
-71.70 -33.68 248 57 -172 154 83 -33 5.620 23 041092B        
165.89 -11.52 286 23 38 160 76 108 9.040 23 041092C        
125.82 5.34 212 19 129 352 75 78 9.710 23 041092E        
104.62 -4.46 24 34 44 255 67 116 12.550 23 041092F        
131.64 29.23 357 39 -122 215 57 -67 3.130 24 041292A        
5.63 51.56 314 22 -98 143 68 -87 13.250 23 041392A        
-93.83 -37.79 181 45 -90 1 45 -90 4.880 23 041392B        
142.42 39.09 348 24 95 163 66 88 6.030 23 041392D        
94.57 23.96 281 45 56 145 54 120 4.090 24 041592A        
-175.90 50.16 257 41 -91 78 49 -89 1.790 24 041592C        
-91.72 -41.17 180 45 -90 0 45 -90 4.560 23 041592D        
143.21 -3.34 94 46 24 347 73 133 11.140 23 041592E        
122.68 1.45 111 14 122 258 78 82 1.680 25 041692A        
-68.92 -20.30 207 28 -37 331 73 -113 5.480 24 041692C        
149.17 -5.65 340 24 152 97 79 69 5.500 24 041692D        
102.93 -5.88 307 10 101 116 81 88 9.160 25 041892A        
103.02 -5.50 342 9 149 102 85 82 1.730 24 041892C        
121.59 23.78 200 39 42 75 65 121 1.560 25 041992C        
170.20 -22.40 326 31 115 117 62 76 4.420 24 042092A        
130.47 -7.81 241 29 90 62 61 90 1.740 24 042092C        
-12.77 -28.20 74 78 -173 343 83 -12 8.900 23 042092E        
151.87 -6.44 278 33 -55 59 63 -110 11.050 23 042292E        
-22.91 -61.39 4 80 -175 273 85 -10 9.270 23 042292F        
-116.52 34.07 81 87 -1 171 89 -177 2.110 25 042392A        
-130.88 51.28 327 52 180 57 90 38 3.140 24 042392B        
131.75 29.23 3 33 -117 214 61 -74 3.720 24 042392C        
98.97 22.54 354 77 -168 262 79 -13 1.580 25 042392D        
98.85 22.40 345 68 -173 252 84 -22 1.930 25 042392E        
145.21 -3.57 357 71 166 92 76 20 2.020 24 042492B        
65.97 27.47 102 60 156 205 69 32 12.780 24 042492C        
140.96 8.75 237 63 -175 145 86 -27 3.050 24 042492E        
-109.49 -9.09 192 90 -180 282 90 0 8.200 24 042492F        
14.67 38.56 332 42 -43 97 63 -123 6.020 23 042592C        
-124.31 40.25 331 9 68 173 82 93 6.690 26 042592E        
122.39 2.83 308 40 1 217 89 130 2.920 24 042692B        
-124.61 40.37 123 75 172 215 83 15 5.960 25 042692C        
-124.69 40.42 222 67 1 132 89 157 9.980 25 042692D        
-87.30 12.00 167 16 -45 302 78 -102 4.240 24 042792C        
123.91 5.55 186 13 -52 327 80 -98 8.300 24 042892A        
124.07 9.10 203 9 -33 326 85 -98 1.400 24 042892C        
166.27 -10.33 253 76 -175 161 85 -14 8.880 24 042992C        
125.06 10.43 124 51 -10 220 82 -141 1.720 24 042992D        
142.82 21.61 148 21 -95 333 69 -88 14.620 23 043092A        
26.20 35.04 172 38 -106 12 53 -78 5.170 24 043092B        
145.18 -3.51 86 71 8 354 83 160 1.200 24 050292A        
-174.90 -15.05 2 82 -179 272 89 -8 2.210 24 050392A        
-71.66 -32.36 275 4 23 162 88 94 2.180 24 050392B        
-75.94 -12.54 48 53 -28 156 68 -139 3.300 23 050392C        
148.96 -6.35 267 33 94 82 58 87 7.070 23 050392F        
130.30 -6.62 128 41 115 276 54 70 1.660 25 050492A        
160.08 52.54 214 38 90 34 52 90 4.520 23 050592A        
151.91 -10.60 55 31 172 152 86 59 1.470 24 050592B        
126.21 -0.82 237 13 62 85 78 96 2.170 24 050692B        
34.74 -45.74 184 90 -180 274 90 0 7.150 23 050692C        
-72.35 -17.32 264 58 10 169 82 148 6.950 23 050692D        
144.73 41.12 67 32 -83 239 58 -94 1.140 25 050792A        
39.82 38.71 310 90 -180 40 90 0 6.370 23 050792B        
124.79 6.96 307 53 6 213 85 143 1.210 24 050892B        
-69.74 -18.24 214 18 -9 313 87 -108 8.390 23 050992A        
124.64 6.79 305 49 17 204 77 138 5.170 23 050992B        
72.59 37.29 186 45 -55 321 55 -120 5.780 24 051092A        
140.20 36.49 125 4 -103 319 86 -89 9.550 23 051192A        
-153.36 59.64 67 61 33 320 62 146 2.400 24 051292A        
-175.22 -23.98 202 29 87 25 61 91 1.820 24 051292B        
-79.64 -9.27 14 28 -51 152 69 -108 3.720 24 051292C        
-172.09 -16.71 77 37 -11 176 83 -126 12.230 25 051292D        
-175.36 -24.17 199 21 91 18 69 90 2.630 24 051392C        
-177.81 -32.45 214 19 113 10 73 83 3.540 24 051592A        
147.59 -6.35 282 34 88 104 56 91 8.090 26 051592D        
-172.01 51.92 256 21 80 87 70 94 10.000 23 051592G        
168.67 -19.20 319 17 57 174 76 99 1.600 25 051692C        
178.53 -38.19 201 25 65 48 68 101 4.930 24 051692D        
-76.73 -13.52 330 23 63 180 69 101 13.580 24 051692F        
126.96 7.27 173 29 53 34 67 109 4.930 26 051792B        
127.18 7.33 176 25 67 20 67 100 8.310 26 051792C        
153.10 -6.49 331 47 -47 97 58 -126 7.310 24 051792I        
-72.03 -33.61 19 8 120 169 83 86 1.740 25 051892B        
-177.68 -20.38 258 33 -63 47 61 -107 8.720 23 051892E        
-82.30 7.39 93 79 10 1 80 169 3.300 25 051892F        
55.35 28.05 254 40 99 63 51 83 2.940 24 051992C        
159.54 -9.43 292 22 48 156 73 105 6.560 24 051992D        
125.47 13.00 114 43 33 359 69 128 1.830 24 052092D        
71.27 32.95 237 5 79 68 85 91 1.430 25 052092E        
148.04 -6.53 288 14 78 120 76 93 7.220 23 052092F        
50.48 13.28 284 45 -90 104 45 -90 7.650 23 052192A        
142.03 31.07 169 35 78 4 56 98 1.710 24 052192C        
147.48 -6.36 294 33 109 92 59 78 10.950 24 052192D        
118.15 -8.67 353 14 -173 256 88 -76 1.610 24 052192F        
141.81 31.16 174 20 87 357 70 91 8.460 24 052192G        
122.45 10.64 315 15 52 174 78 99 1.470 24 052192I        
147.81 -59.72 260 90 -180 350 90 0 10.240 23 052192K        
-72.42 -33.84 0 21 92 178 69 89 2.660 24 052292A        
175.63 52.77 30 66 -1 121 89 -156 3.360 24 052292D        
-105.74 -35.44 190 75 4 99 86 165 1.690 24 052292E        
-115.27 27.64 150 90 -180 240 90 0 9.220 23 052292F        
147.81 49.33 159 47 126 292 54 58 3.170 24 052292H        
144.32 -3.32 181 79 -178 90 88 -11 2.320 25 052292K        
141.87 -4.57 261 77 -10 354 80 -167 3.610 24 052392A        
-90.48 13.28 266 31 64 115 63 104 11.460 24 052392C        
-175.98 51.60 262 28 121 48 66 74 1.660 24 052492A        
128.17 2.13 33 52 50 266 53 129 3.710 23 052492B        
139.70 -4.71 304 66 14 209 77 156 4.480 24 052592B        
-77.70 19.84 248 43 -1 339 89 -133 2.010 26 052592D        
135.83 -3.22 42 55 -2 133 88 -145 2.440 24 052692G        
165.06 -11.20 168 35 -84 340 56 -94 3.900 26 052792A        
165.41 -11.65 321 19 85 146 71 92 12.890 23 052792E        
141.47 31.11 205 18 122 352 75 80 6.530 23 052792F        
173.71 -41.65 29 72 178 119 88 18 8.600 24 052792I        
-177.84 -30.53 187 20 86 12 70 92 5.750 24 052892A        
140.96 35.73 206 23 98 17 67 86 10.560 23 052892B        
156.44 47.62 77 20 -44 209 76 -104 5.020 24 052892D        
121.45 22.84 25 42 60 242 54 114 2.380 24 052892F        
164.96 -11.25 222 18 -33 344 80 -106 8.820 23 052992B        
155.23 47.69 241 34 -63 30 60 -107 8.050 23 052992C        
129.04 27.16 93 19 10 353 87 109 9.140 23 052992D        
127.55 7.63 161 40 60 19 56 113 8.670 23 052992E        
141.82 31.14 193 26 101 0 64 85 1.280 25 052992F        
127.38 2.30 20 18 93 197 73 89 1.830 24 052992G        
141.84 30.75 156 22 64 5 70 100 12.750 24 053092E        
-93.13 14.32 277 26 71 119 65 99 3.490 25 053092G        
141.80 30.81 167 24 77 2 67 96 7.140 24 053192A        
164.78 -11.23 182 17 -79 351 73 -93 6.610 23 053192C        
-70.28 -17.77 204 42 -58 345 55 -116 3.450 23 060192A        
165.08 -11.18 219 59 -32 327 63 -145 8.290 23 060192B        
170.78 -22.68 274 21 81 105 70 94 1.730 24 060192C        
141.65 36.35 233 18 115 26 74 82 3.930 24 060192D        
140.94 29.45 232 31 150 348 75 62 1.710 24 060192F        
155.78 47.56 81 29 -49 216 69 -110 1.700 24 060292C        
130.58 -3.25 159 14 117 312 78 84 7.500 23 060292E        
92.75 -16.01 254 90 -180 344 90 0 6.820 24 060292F        
92.92 -15.96 169 70 21 72 70 159 2.530 25 060292X        
127.80 28.12 10 79 174 101 84 11 1.360 24 060392B        
178.82 51.27 275 18 113 71 73 82 1.990 25 060392C        
-104.59 -4.45 187 90 -180 277 90 0 3.360 24 060392G        
128.05 28.07 100 79 11 7 79 168 1.300 25 060492A        
153.35 -4.87 322 49 35 207 64 133 8.720 23 060492D        
165.65 -10.37 24 25 108 184 66 82 5.900 23 060592B        
147.01 -5.50 316 49 131 83 55 53 4.930 23 060592C        
-124.38 40.45 27 18 29 269 81 106 7.100 23 060592E        
127.76 28.00 104 82 -3 195 87 -172 1.320 24 060692A        
134.48 -0.78 150 20 138 280 77 75 11.220 23 060692B        
-88.56 12.68 61 45 -153 311 71 -48 2.620 24 060692F        
124.04 1.14 128 41 70 334 52 107 10.020 24 060692H        
127.13 3.91 350 28 -67 145 64 -102 2.160 24 060692I        
141.90 31.35 189 29 94 5 61 88 6.750 23 060792B        
-98.28 16.40 241 16 48 104 78 101 1.190 24 060792C        
147.52 -6.24 137 8 106 301 83 88 6.410 23 060792D        
-175.64 -24.21 155 32 26 42 76 119 11.020 23 060792E        
-98.30 16.64 278 19 88 101 71 91 7.920 23 060792F        
121.13 81.22 1 51 -55 134 51 -125 6.400 23 060892B        
-174.00 -20.54 262 36 6 167 86 126 7.200 23 060892D        
-175.96 -22.88 323 37 50 189 63 116 2.610 24 060992A        
111.11 -8.45 1 17 -11 101 87 -107 1.570 25 060992B        
179.94 -65.41 54 65 -158 315 70 -27 2.440 24 060992C        
110.65 -49.84 342 43 17 239 79 131 1.670 24 060992D        
124.19 1.10 103 38 98 273 52 84 4.440 24 060992G        
-165.11 53.32 252 26 112 48 66 80 7.020 23 061092B        
124.16 1.16 269 41 84 97 50 95 1.040 25 061092C        
-25.20 -59.29 193 34 83 22 56 95 8.010 23 061092E        
165.83 -11.79 350 29 106 152 63 81 8.710 23 061092F        
124.04 1.10 280 41 83 109 49 96 5.780 24 061192A        
141.15 31.32 179 24 82 8 67 93 1.710 24 061192D        
173.36 -63.99 317 68 -20 55 71 -156 7.070 23 061192F        
-103.06 8.52 352 62 7 258 84 152 10.940 23 061292B        
127.24 10.86 345 36 -63 133 59 -108 7.880 23 061292C        
126.10 2.81 211 39 -116 63 56 -70 2.680 24 061292D        
101.87 -2.15 295 49 164 35 78 42 9.950 23 061292G        
8.44 34.21 82 36 114 233 57 73 6.970 23 061292H        
-105.37 -4.77 189 90 -180 279 90 0 1.370 24 061392A        
142.16 32.59 212 25 114 5 67 79 11.090 23 061392C        
164.38 -49.20 19 49 144 134 64 47 4.730 23 061392E        
104.35 -6.11 346 41 160 92 77 51 3.330 23 061492A        
147.57 -6.23 305 25 133 79 72 73 8.250 23 061492C        
141.88 32.75 157 23 76 352 68 96 7.960 23 061492E        
-177.60 -26.47 267 65 -27 9 66 -153 2.940 24 061492F        
138.73 34.30 228 40 -8 325 85 -130 9.870 23 061592A        
96.03 23.95 8 69 -173 275 83 -21 3.140 25 061592B        
149.11 50.64 233 13 -110 73 77 -85 7.600 23 061592D        
153.35 -61.27 156 74 6 64 84 164 4.240 24 061592E        
123.35 0.25 197 41 81 30 50 98 5.380 24 061592G        
142.47 45.49 43 58 173 137 84 33 11.250 24 061692B        
151.57 45.32 209 33 79 43 57 97 8.220 23 061792A        
-57.35 -60.49 121 80 -3 212 87 -170 1.820 25 061792B        
-172.80 -19.32 81 28 -30 198 77 -115 4.260 23 061992A        
160.69 54.37 267 28 123 51 66 74 2.760 23 061992C        
-66.98 -19.48 212 32 -63 0 62 -106 10.880 23 062092A        
-71.53 -26.80 225 44 144 343 66 52 4.940 24 062192D        
-43.38 28.75 204 45 -90 24 45 -90 6.780 23 062192F        
176.94 -37.46 46 37 -115 257 57 -72 2.600 25 062192G        
-21.42 -61.11 10 58 -172 276 83 -32 3.880 25 062292A        
141.64 30.55 163 22 28 47 80 110 4.670 23 062292B        
147.47 16.91 63 33 3 330 88 122 4.210 24 062292C        
129.54 -3.16 205 54 173 300 84 36 5.370 24 062392B        
171.88 -19.29 72 22 -98 260 68 -87 2.400 24 062392C        
-101.03 -36.19 188 82 7 97 83 172 1.380 25 062392D        
-174.46 -18.34 15 44 -149 262 69 -51 3.700 24 062392E        
-172.95 51.57 230 21 60 82 72 101 7.470 24 062492C        
103.04 -5.79 274 20 55 131 74 102 3.540 24 062492D        
-173.62 51.73 324 28 121 110 67 75 4.820 23 062592B        
-176.22 -28.17 232 23 130 10 72 75 6.500 25 062592C        
-179.26 -21.90 245 16 -36 10 81 -103 10.680 23 062692A        
112.58 -8.91 356 29 88 178 61 91 7.050 23 062692B        
-178.43 -33.44 212 14 112 9 77 84 7.090 24 062692C        
-82.40 6.36 61 36 -94 246 54 -87 7.180 24 062692F        
81.12 35.18 12 30 -90 192 60 -90 4.140 23 062792A        
-80.64 18.81 165 85 -178 75 88 -5 3.120 24 062792B        
161.66 53.87 205 34 77 40 57 98 1.400 24 062892A        
154.38 -5.98 226 27 123 10 67 74 3.230 23 062892B        
-116.65 34.65 341 70 -172 248 82 -20 10.580 26 062892C        
-117.24 34.27 318 88 178 48 88 2 6.780 25 062892H        
161.45 -10.81 235 66 20 136 71 155 7.040 24 062992A        
-87.78 11.24 259 46 48 131 58 125 1.990 24 062992B        
127.03 7.29 165 17 53 24 77 101 9.650 23 062992D        
141.23 30.86 234 52 170 331 82 38 9.960 23 062992F        
-116.68 36.60 197 45 -118 54 51 -65 4.830 24 062992G        
-116.40 34.11 50 18 -52 190 76 -101 1.480 24 062992K        
-116.50 33.97 334 77 173 66 83 13 1.920 24 062992L        
139.47 28.00 52 47 -146 298 66 -48 2.660 24 062992M        
-116.36 34.00 3 15 -100 194 75 -87 6.100 23 063092A        
129.82 -7.21 304 39 131 76 62 62 8.470 23 070192B        
141.56 31.05 184 19 109 345 72 84 6.450 23 070292A        
-178.06 -32.99 207 20 104 12 71 85 2.880 24 070292B        
126.96 1.56 285 31 163 30 81 60 9.860 23 070292C        
54.54 -34.81 97 43 -85 270 47 -95 6.230 23 070292D        
162.48 54.08 198 46 66 51 49 113 10.020 23 070492A        
-69.08 -21.18 152 42 -85 324 48 -95 6.380 23 070492B        
-111.02 -13.58 190 90 -180 280 90 0 5.330 24 070592A        
149.65 -7.57 76 23 -87 253 67 -91 7.040 23 070792B        
123.77 -0.13 161 19 128 302 75 78 3.820 23 070792C        
93.51 21.07 191 33 -75 353 58 -100 8.000 23 070892B        
-176.40 50.94 298 41 -51 70 59 -119 4.300 23 070892C        
127.28 6.95 199 29 104 3 62 82 7.190 23 070892D        
-116.72 34.50 101 42 139 223 64 56 10.700 23 070992A        
90.20 20.96 79 59 13 342 79 148 11.050 23 070992B        
149.68 44.69 221 24 87 44 66 91 7.390 25 071092A        
-177.96 -22.45 167 18 -131 29 77 -78 7.760 26 071192A        
142.43 41.24 206 27 92 24 63 89 2.170 25 071292B        
150.13 44.44 225 26 110 23 66 81 1.590 24 071292D        
122.16 3.26 303 27 40 176 73 111 5.180 24 071292G        
142.29 41.09 234 36 117 22 59 72 1.490 24 071392C        
158.24 50.82 239 52 137 0 57 47 1.970 25 071392D        
-76.72 -3.88 21 42 -80 188 49 -99 3.620 25 071392E        
125.80 -4.39 356 61 -147 249 62 -34 13.470 24 071492A        
157.88 50.67 149 24 27 34 79 111 6.230 23 071492C        
151.83 45.19 236 30 117 26 63 75 2.210 24 071492D        
-30.64 -57.13 87 53 -19 189 75 -141 6.140 23 071492F        
123.03 1.63 73 25 39 307 75 110 2.710 24 071592D        
121.38 -8.84 100 34 -5 194 87 -124 3.330 24 071592F        
143.49 39.41 187 16 70 28 75 96 8.500 24 071692A        
-105.93 -4.59 100 56 -3 192 87 -146 6.430 24 071692B        
150.16 44.77 229 10 111 27 81 86 11.110 23 071792A        
150.35 44.79 254 17 114 49 74 83 3.210 24 071792B        
167.35 60.52 333 47 18 230 77 136 9.110 23 071792E        
-78.88 -10.33 179 24 120 326 70 77 5.820 24 071792F        
-177.24 -15.73 300 32 85 126 58 93 2.130 24 071892B        
143.30 39.45 195 14 75 30 76 94 4.910 24 071892E        
143.54 39.47 183 11 70 23 80 94 2.730 26 071892F        
143.02 39.13 221 12 127 4 81 83 4.460 25 071892H        
143.52 38.61 222 23 122 7 71 77 6.200 24 071892K        
143.15 39.26 203 16 93 20 74 89 10.760 24 071892L        
-174.35 -23.01 203 21 87 26 69 91 4.030 24 071892M        
142.95 39.24 216 14 89 37 76 90 11.820 23 071892N        
143.61 38.92 201 21 80 31 70 94 1.880 24 071892P        
143.25 39.39 205 13 92 23 77 90 3.090 24 071892R        
143.34 39.07 207 18 96 21 72 88 11.650 24 071892S        
147.61 -6.55 40 66 168 135 79 25 1.260 24 071992A        
143.37 39.11 167 27 35 44 75 113 7.470 23 071992D        
3.80 78.79 126 80 171 217 81 11 1.330 26 072092B        
143.31 39.17 197 37 96 10 54 86 2.890 23 072192A        
-174.34 -23.10 179 33 54 39 64 111 9.490 23 072192B        
126.98 1.66 298 45 177 30 88 45 5.660 23 072192D        
-83.84 17.61 176 90 -180 266 90 0 6.290 23 072192E        
153.84 -5.61 149 44 85 336 47 95 3.810 23 072292A        
143.91 -54.66 268 90 -180 358 90 0 2.970 24 072392B        
24.68 39.88 267 41 -160 161 77 -50 1.690 24 072392D        
159.13 52.95 96 56 -171 1 83 -34 10.760 23 072392E        
150.35 -7.23 88 31 -78 254 60 -97 6.010 24 072492A        
143.13 39.69 157 15 57 11 78 98 6.780 23 072492C        
150.02 -7.43 61 45 -119 279 52 -64 2.930 23 072492D        
165.96 -12.12 359 30 107 159 61 80 1.870 24 072492E        
126.87 1.89 178 17 36 53 80 104 6.000 23 072492G        
143.04 38.84 173 11 62 21 80 95 9.440 24 072592B        
-25.01 0.29 171 37 -57 313 60 -112 2.380 24 072592C        
147.10 -57.33 171 73 16 76 74 162 4.050 24 072792C        
157.35 51.40 292 49 30 181 67 135 3.970 24 072792E        
127.56 -4.26 299 35 -24 49 77 -123 2.710 24 072892E        
-129.86 -55.52 215 90 -180 305 90 0 2.570 24 072992A        
143.32 39.59 213 9 108 15 81 87 3.320 24 072992B        
143.48 39.72 191 8 83 18 82 91 2.320 25 072992C        
141.73 32.77 232 31 143 354 72 64 4.200 23 072992F        
90.30 29.46 10 42 -94 196 49 -86 1.790 25 073092A        
-72.59 -51.12 31 25 114 184 67 79 2.020 24 073092C        
126.29 10.09 156 37 91 335 53 90 1.200 24 073192B        
-178.06 -17.95 51 46 -128 279 55 -58 1.740 24 080192A        
139.63 28.83 1 42 -63 147 53 -112 2.350 23 080192C        
-155.48 56.34 0 70 173 93 84 20 4.500 23 080192D        
-179.06 -21.14 126 19 -172 28 87 -71 5.040 24 080192E        
127.58 -0.83 51 75 -4 142 86 -165 2.600 25 080292A        
121.83 -7.27 45 60 3 313 87 150 10.000 25 080292B        
-60.95 16.08 89 46 -34 205 66 -131 1.380 24 080392A        
164.27 -10.06 239 34 -79 46 57 -97 3.150 24 080392B        
-71.00 -20.54 48 35 140 173 68 62 5.930 23 080492A        
-176.82 -21.22 108 56 -163 8 76 -35 11.980 24 080492C        
-127.34 43.23 116 80 -178 25 88 -10 3.470 24 080492D        
166.35 -11.73 2 23 97 174 67 87 4.300 25 080492E        
-106.30 -27.03 190 74 -165 96 76 -17 3.440 24 080492G        
102.86 -5.57 333 6 121 122 85 87 4.070 24 080592A        
164.33 -10.04 257 63 -27 0 66 -150 7.790 23 080592C        
102.09 -3.29 37 36 35 278 71 121 5.690 23 080592G        
-106.36 -27.27 189 90 -180 279 90 0 6.990 23 080692B        
122.33 24.48 52 50 167 151 80 40 2.500 24 080692C        
135.46 35.69 39 54 -150 291 66 -40 4.840 24 080792D        
-142.92 57.59 265 68 5 173 86 158 1.760 26 080792E        
-179.80 -30.98 153 44 -151 41 70 -50 1.990 25 080892A        
146.92 -5.77 151 57 35 41 62 142 5.520 23 080892D        
170.02 -21.59 44 46 -107 248 47 -73 7.250 23 080992A        
126.68 4.21 296 47 -48 64 57 -125 1.730 25 080992B        
169.84 -21.84 13 29 128 152 68 72 7.070 23 081092B        
74.46 -28.25 157 13 -56 302 79 -98 1.370 24 081092C        
-87.78 11.46 304 26 100 114 65 85 4.050 24 081092D        
69.52 35.28 147 44 90 327 46 90 6.960 23 081092F        
125.64 -0.05 223 23 98 35 67 87 1.950 24 081192A        
141.20 25.13 38 47 42 276 61 128 6.040 23 081192B        
-3.07 79.88 218 68 22 120 70 157 1.980 24 081192D        
-87.85 11.18 289 30 62 141 63 105 2.000 24 081192E        
135.70 42.89 123 16 -159 12 84 -75 1.200 24 081192F        
141.89 32.69 157 19 73 355 72 96 2.480 25 081192H        
141.98 32.21 190 23 99 1 67 86 6.190 24 081292B        
131.02 -6.54 294 38 147 51 71 57 7.980 23 081292C        
167.18 -16.01 205 15 -93 28 75 -89 7.230 23 081392A        
149.10 -6.43 100 24 103 265 67 84 1.430 25 081392E        
141.36 33.10 163 25 65 10 67 101 1.380 24 081492A        
-173.95 -17.96 300 27 12 200 85 116 8.020 23 081492B        
121.63 24.00 27 30 59 242 65 107 6.090 23 081492C        
-65.11 -30.91 86 14 -145 322 82 -79 6.640 23 081492D        
172.84 -23.69 10 66 -174 277 84 -24 6.760 23 081592A        
-75.88 5.08 228 22 -71 28 69 -97 8.260 24 081592C        
145.57 18.49 43 37 39 280 68 121 9.250 23 081592D        
146.87 -5.39 142 44 140 263 63 54 2.900 25 081692B        
85.58 -3.39 90 33 72 292 58 102 1.080 24 081692C        
-78.21 -4.25 262 63 149 7 63 31 9.210 23 081792B        
-68.78 -20.26 156 14 -95 341 76 -89 2.130 24 081792E        
-173.94 -22.46 79 30 -46 211 69 -112 8.500 23 081892B        
-79.78 -2.91 39 25 130 177 71 73 8.650 23 081892C        
-178.12 -28.15 138 25 129 276 71 74 8.090 24 081892E        
-174.78 50.45 263 45 -91 83 45 -89 1.660 25 081992A        
73.32 42.19 250 31 74 88 60 99 7.680 26 081992B        
130.45 -50.38 197 90 -180 287 90 0 2.050 24 081992M        
-68.95 -25.90 164 27 -76 329 64 -97 8.670 23 082092B        
140.86 25.78 215 35 101 21 56 82 7.700 23 082092C        
-129.00 44.24 214 28 -55 356 67 -107 1.520 24 082192B        
124.20 5.93 300 20 39 173 78 106 6.380 23 082192E        
140.71 42.46 83 32 175 178 87 58 1.800 25 082492B        
169.83 -20.93 185 54 -42 303 58 -136 1.460 24 082492D        
-26.38 -56.62 212 59 154 316 68 34 1.610 25 082492F        
160.45 -9.93 354 4 134 130 87 87 6.650 24 082592B        
-174.48 -20.76 318 21 54 175 73 102 2.850 24 082592E        
-32.42 4.87 26 34 -56 166 62 -111 11.410 23 082592F        
154.11 -5.30 249 66 -21 348 71 -155 8.690 23 082692A        
66.69 28.43 118 67 179 208 89 23 2.580 24 082892A        
-179.55 -22.65 136 23 -173 39 87 -67 2.210 24 082892F        
-13.54 -0.71 256 81 -179 165 89 -9 2.000 26 082892G        
166.48 54.50 280 23 64 128 70 100 14.920 23 082992A        
138.09 33.40 75 14 159 186 85 77 2.880 25 082992C        
-173.63 -15.22 211 20 165 315 85 71 9.890 23 083092A        
-178.59 -17.75 14 49 138 135 60 50 4.650 25 083092C        
118.28 -11.56 71 51 -139 312 59 -47 1.290 24 083192A        
106.92 43.93 359 57 175 92 86 33 1.320 24 083192B        
128.46 1.09 189 60 10 94 81 150 5.530 23 083192C        
-176.31 51.89 185 3 24 71 89 92 3.810 23 083192D        
121.65 23.90 240 25 144 3 76 70 7.720 24 090192C        
-87.81 11.20 303 12 91 122 78 90 3.400 27 090292A        
112.21 -6.11 291 34 -79 97 57 -97 1.120 26 090292M        
-113.79 37.43 195 37 -130 61 63 -64 3.260 24 090292S        
-87.32 10.17 120 34 -120 335 61 -71 4.440 24 090292U        
-87.11 11.11 356 15 -178 264 89 -75 1.320 25 090292V        
140.03 -3.27 68 37 30 313 73 123 10.870 23 090292Y        
-88.25 10.90 162 45 -81 329 46 -99 7.700 23 090492A        
166.85 -12.71 4 31 74 202 61 99 11.890 23 090492E        
142.33 -4.07 161 44 -167 62 81 -47 1.910 24 090592B        
-87.71 11.39 128 48 114 275 48 66 1.120 25 090592C        
-87.51 11.91 44 14 -162 297 86 -77 3.740 24 090692A        
145.27 -3.30 7 66 -170 273 81 -24 5.080 23 090692C        
-175.74 -20.13 134 52 8 39 84 142 10.380 23 090792B        
-82.52 3.47 94 71 4 3 87 161 8.040 23 090892C        
-173.11 -16.40 300 42 70 147 51 107 1.700 24 090892D        
-82.59 3.88 90 79 -2 180 88 -169 3.170 24 090892E        
6.19 76.12 220 23 -46 353 74 -106 1.590 25 090992A        
179.08 -23.18 291 45 -109 136 48 -72 4.100 24 090992D        
-174.12 -22.50 207 23 87 31 67 91 10.230 24 091092A        
4.69 76.70 200 90 -180 290 90 0 9.370 23 091092B        
-86.91 9.89 135 24 -68 292 68 -99 8.350 24 091092C        
167.70 -16.75 16 41 128 150 59 62 4.530 24 091092D        
-174.11 -22.57 174 29 54 34 67 108 2.940 24 091092F        
-173.89 -22.42 156 43 49 26 59 122 1.850 24 091092G        
26.42 -5.91 196 38 -132 65 63 -63 3.670 25 091192B        
51.11 29.96 302 33 67 148 60 104 12.120 23 091192C        
60.76 30.07 91 25 51 313 71 106 8.820 23 091192F        
-105.11 -4.33 187 73 171 280 82 18 2.380 24 091192G        
127.24 4.75 186 33 110 342 59 77 8.690 23 091192I        
174.59 -16.53 277 68 -1 8 89 -158 3.170 24 091292C        
-154.87 57.24 358 29 -148 239 75 -65 11.560 23 091292F        
-86.83 11.40 246 25 38 120 75 110 11.490 23 091392C        
-86.75 11.52 280 14 71 119 76 95 2.540 24 091392D        
153.36 61.94 217 90 -180 307 90 0 2.820 23 091392F        
117.94 21.27 206 84 176 297 86 6 1.810 24 091492B        
166.10 54.70 327 23 137 98 74 73 2.310 24 091492D        
-178.85 -20.76 241 14 -73 43 76 -94 3.610 24 091592A        
-100.26 -36.24 187 88 1 97 89 178 1.870 24 091592C        
-116.67 34.49 151 90 -180 241 90 0 7.520 23 091592D        
-87.56 10.56 333 45 -90 153 45 -90 4.620 24 091592H        
167.15 -14.02 342 45 78 179 46 102 2.590 25 091592I        
93.62 11.62 11 32 104 175 60 81 1.140 24 091692B        
-87.90 12.11 288 21 72 127 70 97 2.680 24 091692D        
-178.28 -20.24 67 45 -66 214 49 -112 4.960 23 091892C        
-83.05 3.38 288 45 -90 108 45 -90 5.260 23 091892D        
-82.62 3.12 254 45 -90 74 45 -90 5.760 23 091892E        
-174.77 -22.91 191 25 63 40 68 102 3.880 23 091992C        
-178.80 -17.50 283 46 -21 28 75 -134 11.060 23 092092A        
-14.08 -7.63 213 43 121 354 55 65 2.890 24 092192A        
53.00 36.67 268 44 75 108 48 104 4.310 23 092292A        
123.37 1.39 53 33 56 272 63 110 1.650 24 092392C        
130.16 31.14 261 24 160 9 82 68 3.850 24 092392E        
26.48 -5.64 42 50 -55 176 51 -124 2.500 24 092392F        
-25.55 -60.11 246 52 149 356 66 43 1.790 24 092492A        
123.44 1.34 295 42 117 81 53 67 7.370 23 092492C        
154.03 -61.32 64 75 166 158 76 16 1.620 25 092492D        
-175.43 -21.15 177 44 93 352 46 87 2.580 24 092492E        
-87.61 12.07 277 15 67 120 76 96 1.700 24 092592C        
-17.25 64.60 269 28 116 60 65 77 3.230 24 092692A        
78.69 -36.75 318 58 178 49 89 32 3.370 24 092692C        
129.38 1.45 82 72 -8 174 82 -162 8.240 25 092692E        
129.50 1.13 81 66 -1 172 89 -156 7.700 24 092792C        
-157.31 53.45 45 40 -89 224 50 -90 6.330 24 092792F        
-90.99 13.24 269 32 -119 122 62 -73 1.250 25 092892A        
169.12 -18.65 306 33 32 188 73 119 1.660 24 092892E        
122.60 24.37 290 28 130 66 69 71 1.670 25 092892F        
62.49 4.43 291 45 -90 111 45 -90 8.280 23 092892H        
124.11 -0.22 1 59 158 103 71 33 6.660 23 092992D        
-103.93 19.06 12 16 167 114 87 74 10.170 23 092992E        
-178.27 51.23 251 14 113 47 77 84 11.710 24 093092A        
-178.01 51.20 258 15 106 61 75 86 9.470 25 093092C        
-178.17 51.31 269 18 122 56 75 80 1.510 25 093092H        
-51.48 -53.63 155 90 -180 245 90 0 2.900 24 100192A        
-177.85 51.13 264 17 116 57 75 82 11.710 24 100192B        
-74.96 -39.04 35 42 -51 167 58 -120 1.930 24 100192D        
-51.38 -54.00 64 61 -11 160 81 -150 2.180 24 100192H        
-177.23 -30.79 210 19 106 13 72 85 1.690 24 100292B        
122.72 0.72 63 32 39 298 71 115 4.200 23 100292D        
-45.73 15.28 273 90 -180 3 90 0 8.770 23 100592A        
151.58 -5.63 233 39 74 73 53 103 1.480 25 100692A        
-177.67 51.11 286 77 -172 194 83 -13 10.360 23 100692C        
-177.90 51.22 93 21 -96 279 69 -88 4.760 24 100892B        
-16.28 -0.78 213 40 -42 338 65 -122 1.090 24 100992A        
-176.69 51.58 250 23 106 53 68 84 2.210 24 100992C        
-173.19 -20.56 176 28 -98 5 62 -86 7.040 23 101092C        
161.43 -9.67 63 51 -46 186 56 -130 5.680 23 101092D        
168.83 -19.17 293 35 21 185 78 123 1.470 27 101192C        
30.63 29.74 136 42 -75 297 49 -103 5.550 24 101292B        
152.98 -4.28 112 38 -12 211 83 -127 13.450 23 101292C        
-25.22 -60.12 152 14 94 329 76 89 10.400 23 101492A        
153.63 46.14 261 42 125 38 57 63 1.370 24 101492C        
169.91 -18.39 316 45 -90 136 45 -90 1.310 24 101592B        
6.88 -53.87 317 33 -46 88 67 -114 1.500 24 101592C        
166.72 -14.44 167 55 153 273 68 39 2.000 26 101592D        
-177.68 51.38 235 28 58 91 67 106 1.890 24 101692C        
-179.31 -35.83 233 20 129 12 74 77 2.910 24 101692D        
169.41 -20.58 326 34 72 168 58 102 10.640 23 101692E        
122.45 0.46 196 27 132 330 70 71 10.460 23 101692F        
169.50 -19.02 177 44 -24 285 73 -132 5.810 25 101792B        
169.93 -18.95 272 90 -180 2 90 0 2.080 24 101792C        
-76.39 7.22 262 45 135 28 60 55 11.280 25 101792E        
169.53 -19.19 60 35 -136 292 66 -63 1.290 24 101792J        
117.03 -10.96 296 37 111 90 56 75 2.430 24 101892A        
130.09 -6.30 56 51 28 307 69 137 1.970 25 101892F        
-76.34 7.27 270 45 167 9 81 46 5.710 26 101892G        
-82.74 2.87 243 39 86 68 51 93 3.600 24 101992E        
169.85 -19.35 189 62 -23 291 70 -150 1.940 25 101992F        
166.56 55.48 119 54 179 209 89 36 1.540 24 102092B        
166.31 55.59 116 54 174 210 85 36 11.210 24 102092E        
123.54 24.51 81 31 -95 266 59 -87 8.580 23 102092G        
-175.81 -24.26 138 22 13 35 85 111 2.160 24 102092I        
144.18 -6.91 310 45 119 91 52 64 2.010 25 102192C        
-176.73 -29.74 199 17 96 13 73 88 7.760 25 102292B        
126.03 -4.09 295 45 -69 87 48 -109 8.940 23 102292D        
-177.11 -29.49 204 17 99 14 73 87 2.180 24 102292E        
-176.61 -29.59 214 23 113 9 69 81 4.990 25 102292G        
-177.03 -29.12 156 21 54 13 73 102 1.380 24 102392C        
-4.26 31.10 187 69 12 92 78 158 2.360 24 102392E        
-77.24 6.66 217 29 34 97 74 115 1.930 24 102392F        
152.72 -5.38 155 52 8 60 84 141 5.050 25 102392H        
152.65 -5.41 158 31 15 54 82 120 6.340 24 102392J        
152.89 -5.61 303 3 139 74 88 88 4.130 24 102392O        
122.75 -9.38 67 51 -156 321 71 -42 1.880 25 102392P        
45.01 42.67 302 13 144 67 83 80 4.930 25 102392Q        
-177.02 -29.74 202 22 97 15 69 87 8.740 25 102492B        
145.42 -5.74 355 57 4 263 87 147 9.110 23 102492I        
142.15 11.81 229 15 57 83 77 98 1.570 24 102492J        
-176.93 -29.76 179 24 74 16 67 97 2.240 24 102492K        
-177.16 -29.59 203 25 100 11 66 85 10.900 24 102592A        
139.35 -2.84 332 38 119 117 58 69 3.790 23 102692B        
179.82 -16.86 24 40 41 261 65 123 13.030 23 102692C        
96.29 18.88 68 65 7 335 84 155 1.500 24 102892A        
-179.45 -17.23 263 70 -2 354 88 -160 1.110 24 102992B        
124.10 6.85 2 27 92 180 63 89 2.600 25 102992D        
141.21 -2.43 96 40 -75 256 52 -102 0.840 24 102992E        
-71.29 -29.50 130 17 -11 231 87 -107 10.500 23 102992F        
139.20 29.92 43 40 -150 290 72 -54 4.880 25 103092A        
151.15 -5.45 208 34 27 95 75 121 10.040 23 103092C        
-4.33 31.15 90 72 176 181 87 18 2.930 24 103092D        
-178.01 -31.39 201 21 101 9 69 86 8.140 23 103092E        
107.00 -8.80 247 23 44 115 74 107 8.200 23 103092F        
141.46 -2.16 72 42 -110 279 51 -73 6.240 25 103192C        
154.23 -6.35 127 40 99 295 50 83 5.780 23 110192C        
-69.51 -29.06 341 17 -72 142 74 -95 14.270 23 110192F        
-27.82 -56.51 276 41 -125 139 57 -64 2.390 24 110192G        
141.75 -2.74 236 48 -122 99 51 -59 1.440 24 110192H        
127.39 1.78 196 40 -173 100 85 -51 9.180 23 110192I        
-176.18 -29.93 189 32 72 29 60 101 1.180 24 110292B        
-69.85 -23.05 104 13 -145 340 82 -79 7.710 23 110392A        
154.41 -61.62 64 83 178 155 88 7 5.000 25 110492A        
-102.06 -36.18 98 71 177 189 87 19 6.770 24 110492B        
167.77 -14.17 146 32 77 341 59 98 4.630 25 110492C        
-72.21 -31.98 0 28 93 177 62 89 1.290 25 110492E        
168.14 -14.35 325 45 78 162 46 102 1.950 24 110592A        
152.68 -5.34 146 38 37 25 68 122 2.040 25 110592B        
152.26 -4.92 143 19 24 31 82 108 1.550 24 110592C        
72.58 41.20 322 25 111 120 67 81 3.490 23 110692B        
26.98 37.84 147 77 -5 238 85 -167 1.410 25 110692F        
-26.29 -56.01 116 27 78 310 64 96 5.400 23 110892A        
-179.54 -15.50 147 69 -178 56 88 -21 1.180 26 110892B        
-70.95 -23.32 21 11 126 165 81 84 3.010 24 110892C        
141.81 33.70 194 26 -77 0 65 -96 11.580 23 110892F        
119.59 -8.78 347 34 175 80 87 56 9.410 23 110892H        
-173.31 -21.14 193 51 51 65 53 127 6.770 23 110992A        
141.50 -2.58 79 33 -101 272 58 -83 6.490 23 110992B        
-26.79 -56.03 120 33 51 344 65 112 1.920 24 111092A        
-177.37 51.34 252 23 106 54 68 83 4.160 24 111092B        
129.07 -7.27 127 29 92 305 61 89 1.230 24 111092C        
161.26 53.62 197 35 68 44 58 105 5.200 24 111092D        
143.16 23.71 283 10 -72 85 80 -93 1.420 24 111092E        
141.92 -3.17 110 46 -22 215 75 -133 5.820 24 111192A        
-178.41 -28.50 162 44 -155 54 73 -48 8.220 23 111192D        
-178.94 50.97 267 17 120 56 75 81 2.030 25 111192E        
-51.61 -53.69 154 90 -180 244 90 0 9.410 24 111292D        
70.78 36.57 269 23 144 33 77 71 3.180 24 111292F        
-177.72 -22.32 211 14 -91 31 76 -90 2.290 25 111292G        
45.54 -23.01 350 45 -90 170 45 -90 3.950 23 111492A        
67.18 33.15 181 33 -114 29 60 -75 5.170 23 111792A        
-71.63 -30.85 0 32 106 161 60 80 10.930 23 111792B        
130.72 -5.68 300 58 148 48 63 36 6.410 24 111792C        
126.49 27.17 111 46 -178 20 89 -44 5.430 23 111792G        
-173.43 -15.96 311 11 9 212 88 101 2.000 24 111892C        
130.26 -6.78 111 46 63 327 50 115 9.840 23 111892E        
167.04 -16.47 169 72 175 261 85 18 4.180 24 111892F        
22.60 38.09 265 43 -99 98 48 -81 8.500 24 111892H        
131.80 30.92 183 31 43 54 70 113 13.650 23 111992A        
166.40 -13.15 7 43 107 164 50 75 1.350 24 111992F        
-66.19 -22.72 196 12 -50 336 81 -98 10.750 23 112092A        
-13.55 -31.29 182 49 -48 308 56 -128 7.250 23 112092B        
110.29 -9.28 321 26 137 91 73 71 2.080 24 112192A        
22.80 35.72 196 50 16 96 78 139 8.560 24 112192C        
-167.74 51.79 295 21 77 129 70 95 4.720 23 112192D        
-175.97 -15.79 284 68 -15 20 76 -158 2.170 24 112192G        
-25.35 -56.42 167 28 102 334 63 84 7.930 25 112192H        
94.51 20.43 187 29 -43 317 71 -112 7.610 23 112292C        
-25.17 -56.65 150 14 88 332 76 91 2.790 24 112292D        
-173.13 -19.29 176 27 67 21 65 101 5.720 24 112292F        
-66.96 18.51 224 43 -64 10 52 -112 1.120 24 112392A        
72.38 38.70 211 33 -49 345 65 -113 3.110 24 112392C        
179.39 51.03 258 19 93 75 71 89 5.820 24 112492A        
-101.26 1.52 275 72 -2 5 88 -162 4.100 24 112492F        
123.04 0.15 101 44 59 321 53 117 7.910 24 112492G        
102.18 -4.09 216 48 24 109 72 136 2.850 24 112592A        
128.80 2.69 158 29 58 13 66 106 2.310 24 112592B        
128.51 2.54 133 23 23 21 81 111 7.720 24 112592C        
166.43 -12.88 8 42 119 151 55 67 1.870 24 112592F        
166.56 -13.42 356 32 115 147 61 75 4.710 24 112592G        
162.86 54.57 181 45 52 49 56 122 11.630 23 112792A        
128.95 2.22 160 30 68 6 62 102 5.810 24 112792C        
59.77 37.36 166 68 172 259 82 22 10.860 23 112792H        
-72.08 -31.59 51 52 -177 319 87 -38 5.620 25 112892B        
129.03 2.39 152 27 63 2 66 103 4.920 24 112892G        
126.90 8.40 4 36 107 164 56 78 5.930 23 112992B        
-34.29 35.85 193 47 -113 45 48 -67 7.140 24 113092B        
169.13 -20.86 16 79 -170 284 80 -11 1.290 25 120192A        
135.18 -3.96 34 54 2 303 89 144 12.220 23 120192B        
174.40 -21.99 240 33 20 133 79 122 2.340 24 120192C        
-151.20 61.91 41 10 -34 164 84 -99 1.670 24 120292A        
-9.87 -48.11 313 90 -180 43 90 0 1.760 24 120392A        
-116.90 34.37 265 41 62 120 54 112 7.800 23 120492A        
153.37 48.64 98 42 169 197 83 49 5.950 23 120492B        
71.86 37.35 219 17 -107 56 74 -85 5.050 24 120492E        
125.75 1.09 43 30 136 173 70 68 1.580 24 120492H        
56.88 10.45 212 75 14 119 76 164 3.750 24 120692B        
147.16 43.75 76 21 115 230 71 81 11.380 24 120792A        
168.35 -15.18 13 49 122 149 50 58 2.680 24 120892A        
126.06 3.57 195 35 81 26 55 96 9.440 23 120892B        
-103.70 10.64 351 89 180 81 90 1 4.120 24 120892D        
93.50 9.22 137 58 164 235 76 33 1.110 25 120892E        
143.90 39.64 183 20 65 30 72 99 13.080 23 120992B        
-142.38 -56.09 35 68 -180 305 90 -22 7.020 24 120992C        
178.73 -24.28 318 16 -108 156 74 -85 11.000 23 121092A        
168.04 -17.43 355 27 131 130 70 71 4.370 24 121192A        
-25.28 -59.78 214 51 -157 109 72 -41 11.680 23 121192E        
122.49 -8.34 80 40 95 253 50 86 5.060 27 121292B        
121.99 -8.51 276 40 119 60 56 68 1.640 24 121292L        
178.54 52.24 107 18 -148 346 81 -75 2.250 24 121492B        
-109.18 19.83 19 71 -17 115 74 -160 8.490 23 121492C        
170.87 -13.99 305 38 -82 115 53 -96 3.430 24 121492D        
179.87 -33.70 184 19 70 25 72 97 8.270 24 121492E        
126.63 8.57 147 10 38 19 84 98 2.560 24 121592C        
66.85 -17.05 144 90 -180 234 90 0 1.440 24 121692A        
-105.45 18.05 281 90 -180 11 90 0 1.470 24 121792A        
61.43 25.68 8 54 142 123 60 43 4.470 24 121792B        
68.52 37.30 172 45 114 320 49 68 6.590 23 121792E        
121.92 -8.31 359 60 154 103 68 32 10.410 23 121792F        
147.21 -7.01 223 20 36 99 79 106 1.830 25 121892B        
158.93 51.99 204 33 81 35 58 96 1.280 25 121992B        
123.51 0.36 324 24 140 92 75 72 11.080 23 121992C        
179.58 -25.53 74 27 139 202 73 69 1.910 24 122092G        
130.52 -6.60 89 53 37 335 61 137 8.490 26 122092I        
130.62 -6.56 108 44 85 295 46 95 3.700 24 122292A        
88.03 34.67 152 41 -139 29 65 -57 8.150 23 122292D        
-69.27 -20.39 206 21 -27 322 81 -108 3.700 24 122392B        
130.54 -6.50 149 46 132 277 57 55 5.320 24 122392C        
126.69 2.54 67 13 131 205 80 81 4.050 24 122492A        
-172.68 -14.71 245 7 -119 94 84 -86 2.660 25 122492C        
72.23 42.45 79 35 57 297 61 110 1.320 24 122492D        
178.22 -15.90 348 80 -175 257 85 -10 1.460 24 122492G        
102.99 -5.79 232 22 45 99 75 106 9.560 23 122592A        
153.08 -5.22 27 46 -72 182 47 -107 5.900 24 122692B        
70.78 36.22 63 37 132 195 63 64 14.050 23 122692D        
-77.92 -1.15 200 46 166 300 80 45 7.000 24 122692E        
-178.31 -32.12 219 16 119 9 76 82 3.610 24 122692G        
-18.76 -0.09 260 90 -180 350 90 0 1.740 26 122692I        
113.10 -6.03 250 29 -131 115 68 -70 9.700 24 122792A        
67.42 26.59 173 33 32 56 73 119 6.300 23 122892E        
142.45 38.85 244 31 159 352 79 60 10.880 23 122892G        
123.29 0.07 152 25 76 347 66 96 1.750 24 122992B        
-67.15 -31.55 139 26 -112 343 66 -80 13.980 23 122992C        
124.17 -9.08 59 20 -54 202 74 -102 1.880 24 122992D        
67.74 -20.08 152 60 5 59 86 150 11.680 23 123092A        
159.40 -7.96 292 21 -63 84 71 -100 3.050 24 123092B        
-72.96 6.74 41 42 124 178 56 63 6.520 23 123192A        
142.68 38.98 239 42 155 348 74 51 12.680 23 123192E        
142.70 38.83 245 40 168 344 83 51 5.160 24 123192F        
-177.66 -32.23 217 24 116 8 68 79 3.940 25 123192G        
-71.66 -31.93 356 19 92 174 71 89 10.530 23 010193C        
152.78 -60.76 252 69 -164 157 75 -22 2.710 24 010193E        
86.55 -40.00 122 27 173 219 87 63 1.810 24 010293B        
120.08 -1.17 68 72 173 160 83 19 3.930 24 010393A        
129.41 -4.13 316 48 134 80 58 52 5.700 24 010393B        
127.96 3.31 39 43 127 173 57 60 8.000 24 010493A        
129.61 -3.62 119 43 99 287 48 82 7.410 23 010493D        
-174.10 -22.02 226 19 109 25 72 84 10.880 24 010493F        
-93.77 15.04 219 12 10 119 88 102 1.330 24 010693A        
52.02 29.31 248 76 0 339 90 -166 1.490 24 010693C        
-16.94 0.62 173 65 7 80 84 154 3.560 24 010793A        
-178.05 -31.93 162 3 34 38 88 93 2.980 24 010793B        
-178.14 -32.32 220 16 108 21 74 85 3.110 24 010793C        
-177.59 -31.91 163 34 33 45 72 120 13.380 23 010793F        
-179.95 -24.54 149 1 -122 1 89 -89 2.230 24 010793G        
49.33 13.26 231 30 -134 99 69 -68 1.890 24 010893D        
-177.61 -32.21 210 21 111 8 70 82 2.230 24 010993A        
-25.78 -59.42 251 56 24 147 70 144 1.280 26 011093A        
-82.38 5.90 266 63 -17 3 75 -152 1.930 24 011093C        
-176.01 -21.46 262 35 -36 23 70 -119 5.390 23 011193A        
143.05 38.84 180 28 62 31 66 104 7.900 23 011193C        
-82.45 5.30 2 77 -170 269 80 -13 3.630 24 011193D        
127.95 -5.82 76 30 12 336 84 119 11.580 23 011293A        
142.25 38.49 260 44 159 6 75 48 7.010 23 011393A        
-76.97 18.69 282 33 23 172 77 121 1.970 24 011393D        
139.23 -51.04 358 81 3 268 87 171 3.360 25 011393E        
144.29 43.06 133 6 -36 259 86 -95 2.720 27 011593C        
168.80 -19.59 230 16 -129 90 78 -80 6.300 23 011793A        
-26.57 -58.30 45 29 -150 289 76 -64 2.420 24 011793D        
146.07 18.38 233 43 -159 127 76 -49 2.150 25 011893A        
90.28 30.34 25 48 -57 161 51 -121 8.800 24 011893C        
35.40 -45.02 197 80 175 288 85 10 7.840 24 011993A        
133.96 38.70 56 56 -166 319 79 -34 6.310 25 011993D        
-178.00 -18.01 137 37 -157 28 76 -55 12.590 23 011993F        
126.28 1.47 36 38 88 219 52 92 7.630 24 011993G        
97.56 3.04 115 19 -98 303 72 -87 1.830 25 012093B        
-178.12 -32.77 210 6 111 9 84 88 7.520 24 012093C        
121.72 -7.79 117 67 169 212 80 23 6.070 24 012093D        
-29.34 38.39 132 33 -59 276 63 -109 1.190 24 012093G        
128.53 -7.15 145 80 -173 54 83 -10 4.910 25 012093H        
125.30 78.74 142 47 -125 7 53 -59 2.130 24 012193A        
128.23 -7.22 44 71 -19 140 72 -160 10.510 23 012293A        
122.00 24.22 228 17 130 7 77 79 4.240 24 012393B        
-161.50 54.16 253 11 97 66 79 89 3.120 24 012393D        
142.08 45.64 63 38 -147 306 70 -56 9.740 23 012493C        
-173.36 -15.01 169 5 -164 63 89 -85 4.540 24 012593B        
100.88 22.86 50 82 -5 141 85 -172 3.070 24 012693F        
126.65 -3.22 72 61 -3 164 87 -151 9.050 23 012893E        
-176.98 -28.82 177 19 67 22 72 98 12.110 23 020293C        
-176.78 -29.11 194 19 88 16 71 91 3.190 24 020293D        
145.52 19.04 188 50 147 300 65 45 4.410 24 020393A        
87.92 -41.98 142 72 11 48 80 162 1.520 24 020393B        
125.92 6.07 127 64 -16 224 76 -153 8.640 23 020393C        
123.40 13.89 31 73 -169 298 79 -18 2.990 24 020393D        